10
0 4 14 56 7 74 58 69 44 98 
4 0 5 95 92 32 73 71 16 62 
14 5 0 68 90 1 5 8 81 26 
56 95 68 0 39 16 96 56 54 99 
7 92 90 39 0 78 92 82 90 51 
74 32 1 16 78 0 66 25 50 97 
58 73 5 96 92 66 0 45 76 12 
69 71 8 56 82 25 45 0 30 78 
44 16 81 54 90 50 76 30 0 92 
98 62 26 99 51 97 12 78 92 0 
