22 3
0 0 0 79 39 46 63 41 98 29 85 0 42 21 26 34 0 0 0 0 0 0 
0 0 0 50 68 53 54 21 29 88 49 4 0 96 5 72 80 87 71 94 92 0 
0 0 0 0 35 100 48 14 56 94 87 79 0 59 17 0 10 85 2 100 11 4 
79 50 0 0 97 0 0 0 0 70 41 90 40 0 18 43 2 66 26 84 14 0 
39 68 35 97 0 48 95 60 0 31 51 17 41 32 76 77 0 93 0 0 12 38 
46 53 100 0 48 0 0 76 0 87 0 13 68 64 0 38 84 96 37 89 33 0 
63 54 48 0 95 0 0 0 0 0 87 39 0 9 83 5 11 1 66 0 0 0 
41 21 14 0 60 76 0 0 31 48 0 28 92 15 51 0 72 28 94 0 92 58 
98 29 56 0 0 0 0 31 0 77 61 0 0 98 89 26 69 74 58 0 79 7 
29 88 94 70 31 87 0 48 77 0 14 20 99 25 49 60 28 65 54 50 62 32 
85 49 87 41 51 0 87 0 61 14 0 6 86 6 97 80 90 20 0 39 98 96 
0 4 79 90 17 13 39 28 0 20 6 0 39 9 100 9 43 0 15 0 33 0 
42 0 0 40 41 68 0 92 0 99 86 39 0 19 70 0 86 37 49 88 0 36 
21 96 59 0 32 64 9 15 98 25 6 9 19 0 0 0 63 10 93 64 56 26 
26 5 17 18 76 0 83 51 89 49 97 100 70 0 0 0 81 0 63 33 0 31 
34 72 0 43 77 38 5 0 26 60 80 9 0 0 0 0 22 23 0 43 0 32 
0 80 10 2 0 84 11 72 69 28 90 43 86 63 81 22 0 33 28 89 0 34 
0 87 85 66 93 96 1 28 74 65 20 0 37 10 0 23 33 0 73 0 32 93 
0 71 2 26 0 37 66 94 58 54 0 15 49 93 63 0 28 73 0 0 0 27 
0 94 100 84 0 89 0 0 0 50 39 0 88 64 33 43 89 0 0 0 80 0 
0 92 11 14 12 33 0 92 79 62 98 33 0 56 0 0 0 32 0 80 0 69 
0 0 4 0 38 0 0 58 7 32 96 0 36 26 31 32 34 93 27 0 69 0 
