30 4
0 81 62 22 52 0 100 97 10 43 85 59 0 79 34 0 68 23 62 90 7 0 0 99 48 83 32 16 51 0 
81 0 16 0 71 0 0 59 0 0 0 23 77 73 0 67 12 85 69 0 0 0 27 82 90 57 0 74 0 0 
62 16 0 0 0 74 61 0 0 84 34 26 25 39 55 82 17 28 0 12 100 0 0 5 40 28 60 0 31 12 
22 0 0 0 0 98 0 49 5 24 0 0 0 0 0 87 0 24 0 24 85 43 73 0 0 52 92 0 0 0 
52 71 0 0 0 73 0 0 0 0 0 33 6 46 19 0 59 0 0 0 0 0 0 55 0 8 0 37 0 0 
0 0 74 98 73 0 14 0 12 0 0 0 0 0 79 0 0 0 13 0 0 62 0 0 0 0 0 33 34 0 
100 0 61 0 0 14 0 0 25 96 0 89 7 0 62 0 0 0 0 0 51 0 18 97 0 0 45 0 70 100 
97 59 0 49 0 0 0 0 0 50 0 0 81 5 86 11 48 99 48 0 65 0 59 99 71 19 0 0 34 64 
10 0 0 5 0 12 25 0 0 0 69 93 90 0 34 0 44 47 51 50 30 17 85 17 0 13 46 0 0 0 
43 0 84 24 0 0 96 50 0 0 0 0 61 37 9 69 0 57 0 0 94 0 88 0 100 81 56 0 0 70 
85 0 34 0 0 0 0 0 69 0 0 0 72 62 14 52 75 77 0 0 0 19 97 91 55 0 16 0 90 46 
59 23 26 0 33 0 89 0 93 0 0 0 12 0 42 49 0 99 17 0 13 63 14 19 0 38 0 0 0 0 
0 77 25 0 6 0 7 81 90 61 72 12 0 0 60 63 10 0 0 63 0 0 0 40 72 0 0 0 92 0 
79 73 39 0 46 0 0 5 0 37 62 0 0 0 77 0 80 87 79 25 34 86 8 0 25 0 54 10 0 76 
34 0 55 0 19 79 62 86 34 9 14 42 60 77 0 0 0 0 0 0 0 0 0 40 98 0 57 95 0 0 
0 67 82 87 0 0 0 11 0 69 52 49 63 0 0 0 0 45 96 83 13 81 0 85 0 9 56 0 0 26 
68 12 17 0 59 0 0 48 44 0 75 0 10 80 0 0 0 0 0 0 0 68 0 0 0 81 89 68 18 91 
23 85 28 24 0 0 0 99 47 57 77 99 0 87 0 45 0 0 0 53 14 79 0 0 0 0 0 0 6 0 
62 69 0 0 0 13 0 48 51 0 0 17 0 79 0 96 0 0 0 90 0 50 6 0 48 14 79 97 0 0 
90 0 12 24 0 0 0 0 50 0 0 0 63 25 0 83 0 53 90 0 0 0 0 0 40 62 0 0 0 35 
7 0 100 85 0 0 51 65 30 94 0 13 0 34 0 13 0 14 0 0 0 13 31 0 0 68 29 80 49 75 
0 0 0 43 0 62 0 0 17 0 19 63 0 86 0 81 68 79 50 0 13 0 0 60 0 0 0 0 6 56 
0 27 0 73 0 0 18 59 85 88 97 14 0 8 0 0 0 0 6 0 31 0 0 61 37 0 0 0 11 0 
99 82 5 0 55 0 97 99 17 0 91 19 40 0 40 85 0 0 0 0 0 60 61 0 77 0 0 84 72 43 
48 90 40 0 0 0 0 71 0 100 55 0 72 25 98 0 0 0 48 40 0 0 37 77 0 0 0 34 49 78 
83 57 28 52 8 0 0 19 13 81 0 38 0 0 0 9 81 0 14 62 68 0 0 0 0 0 0 0 0 0 
32 0 60 92 0 0 45 0 46 56 16 0 0 54 57 56 89 0 79 0 29 0 0 0 0 0 0 24 76 69 
16 74 0 0 37 33 0 0 0 0 0 0 0 10 95 0 68 0 97 0 80 0 0 84 34 0 24 0 16 91 
51 0 31 0 0 34 70 34 0 0 90 0 92 0 0 0 18 6 0 0 49 6 11 72 49 0 76 16 0 13 
0 0 12 0 0 0 100 64 0 70 46 0 0 76 0 26 91 0 0 35 75 56 0 43 78 0 69 91 13 0 
