22 4
0 73 0 72 48 84 0 23 9 98 69 52 0 97 0 12 62 91 97 21 0 41 
73 0 0 0 0 0 0 89 64 96 0 0 0 0 66 0 0 0 84 0 0 0 
0 0 0 71 0 13 0 0 3 0 18 35 0 80 82 0 1 0 83 5 88 0 
72 0 71 0 61 72 0 79 0 0 88 64 25 30 40 0 47 0 0 0 0 62 
48 0 0 61 0 79 0 0 72 82 22 75 15 69 0 0 6 26 0 0 0 28 
84 0 13 72 79 0 0 70 100 95 0 92 0 53 0 45 54 0 84 49 0 0 
0 0 0 0 0 0 0 40 53 0 0 63 25 63 0 0 83 0 0 87 41 0 
23 89 0 79 0 70 40 0 63 97 0 10 23 33 0 0 92 0 99 27 21 50 
9 64 3 0 72 100 53 63 0 34 61 93 0 65 0 73 0 0 0 0 0 71 
98 96 0 0 82 95 0 97 34 0 56 0 0 0 78 0 65 94 0 93 0 78 
69 0 18 88 22 0 0 0 61 56 0 97 94 0 11 98 80 0 83 1 46 0 
52 0 35 64 75 92 63 10 93 0 97 0 49 42 85 14 53 36 0 88 0 0 
0 0 0 25 15 0 25 23 0 0 94 49 0 0 2 14 38 0 0 20 0 71 
97 0 80 30 69 53 63 33 65 0 0 42 0 0 26 33 37 98 45 0 0 0 
0 66 82 40 0 0 0 0 0 78 11 85 2 26 0 0 31 0 17 0 0 0 
12 0 0 0 0 45 0 0 73 0 98 14 14 33 0 0 93 70 53 0 59 51 
62 0 1 47 6 54 83 92 0 65 80 53 38 37 31 93 0 6 18 81 15 0 
91 0 0 0 26 0 0 0 0 94 0 36 0 98 0 70 6 0 70 0 0 85 
97 84 83 0 0 84 0 99 0 0 83 0 0 45 17 53 18 70 0 26 0 62 
21 0 5 0 0 49 87 27 0 93 1 88 20 0 0 0 81 0 26 0 97 28 
0 0 88 0 0 0 41 21 0 0 46 0 0 0 0 59 15 0 0 97 0 88 
41 0 0 62 28 0 0 50 71 78 0 0 71 0 0 51 0 85 62 28 88 0 
