40 7
0 42 0 89 0 0 42 0 5 50 0 0 0 19 56 57 0 82 0 0 89 0 4 29 21 41 72 0 0 54 0 0 23 0 37 0 0 61 0 0 
42 0 0 87 50 0 60 0 0 0 14 0 0 0 45 98 99 0 74 46 28 49 36 85 0 0 16 36 0 0 1 0 64 50 64 0 15 46 10 32 
0 0 0 0 0 72 88 0 0 0 38 80 92 64 21 50 0 0 0 0 56 20 98 24 83 57 0 0 49 96 0 16 14 90 78 13 35 48 0 0 
89 87 0 0 34 0 0 94 39 98 0 53 22 23 21 99 13 57 3 0 0 0 75 23 9 44 0 71 0 0 12 0 78 54 75 82 30 0 33 0 
0 50 0 34 0 9 98 28 18 0 0 0 77 0 36 0 0 10 13 80 0 62 52 0 0 0 0 34 70 74 0 53 40 0 10 0 84 68 0 0 
0 0 72 0 9 0 65 71 0 0 0 37 0 0 0 83 0 49 88 49 60 93 0 17 0 0 29 95 0 0 0 42 3 43 87 0 55 0 83 0 
42 60 88 0 98 65 0 16 0 0 29 0 4 11 52 45 53 76 0 70 41 0 60 0 0 82 0 9 0 87 62 4 38 0 26 0 0 0 0 14 
0 0 0 94 28 71 16 0 16 0 0 1 78 23 0 92 0 0 73 0 27 93 14 54 0 89 0 78 0 64 38 93 89 46 92 1 0 71 32 59 
5 0 0 39 18 0 0 16 0 0 0 66 0 0 0 0 0 83 0 0 0 0 34 0 88 4 52 49 80 0 0 0 0 0 90 86 66 38 0 29 
50 0 0 98 0 0 0 0 0 0 0 2 0 53 96 0 0 36 30 81 0 37 54 44 53 26 39 0 72 1 0 7 65 86 22 6 31 67 77 10 
0 14 38 0 0 0 29 0 0 0 0 22 0 52 0 23 0 54 81 87 9 0 0 18 86 24 0 41 0 98 0 36 65 22 24 80 9 0 0 0 
0 0 80 53 0 37 0 1 66 2 22 0 89 89 0 0 0 39 77 0 0 0 39 15 0 0 0 0 90 0 0 0 0 0 44 20 0 35 0 19 
0 0 92 22 77 0 4 78 0 0 0 89 0 0 0 31 19 0 0 44 58 0 0 0 0 54 24 0 57 13 71 13 36 70 86 0 43 21 48 78 
19 0 64 23 0 0 11 23 0 53 52 89 0 0 0 0 0 0 0 0 0 72 23 0 0 39 51 30 0 0 0 59 0 0 0 73 46 85 0 20 
56 45 21 21 36 0 52 0 0 96 0 0 0 0 0 98 87 48 0 8 5 62 0 0 56 40 0 0 0 51 59 79 85 0 1 0 26 4 99 38 
57 98 50 99 0 83 45 92 0 0 23 0 31 0 98 0 0 84 0 42 85 2 0 14 70 46 39 48 0 29 0 7 0 0 59 0 0 26 13 0 
0 99 0 13 0 0 53 0 0 0 0 0 19 0 87 0 0 0 48 11 21 0 38 59 4 0 0 44 0 0 17 40 35 0 2 0 40 0 0 71 
82 0 0 57 10 49 76 0 83 36 54 39 0 0 48 84 0 0 0 26 73 88 0 55 93 60 36 0 0 9 0 73 0 0 82 0 0 0 0 52 
0 74 0 3 13 88 0 73 0 30 81 77 0 0 0 0 48 0 0 87 0 0 0 40 0 0 82 16 45 58 99 39 0 0 40 89 72 41 0 0 
0 46 0 0 80 49 70 0 0 81 87 0 44 0 8 42 11 26 87 0 87 0 0 71 0 18 57 100 0 88 0 0 0 86 14 54 0 43 31 0 
89 28 56 0 0 60 41 27 0 0 9 0 58 0 5 85 21 73 0 87 0 59 93 18 0 84 31 37 99 59 0 61 80 0 69 0 0 0 13 67 
0 49 20 0 62 93 0 93 0 37 0 0 0 72 62 2 0 88 0 0 59 0 25 8 2 0 0 86 2 0 0 82 26 44 44 10 81 0 46 9 
4 36 98 75 52 0 60 14 34 54 0 39 0 23 0 0 38 0 0 0 93 25 0 0 50 91 18 39 69 0 27 0 0 0 34 75 49 0 0 0 
29 85 24 23 0 17 0 54 0 44 18 15 0 0 0 14 59 55 40 71 18 8 0 0 26 39 0 0 89 60 68 0 2 60 0 39 0 75 20 20 
21 0 83 9 0 0 0 0 88 53 86 0 0 0 56 70 4 93 0 0 0 2 50 26 0 0 0 90 0 0 0 68 0 67 0 94 29 32 0 0 
41 0 57 44 0 0 82 89 4 26 24 0 54 39 40 46 0 60 0 18 84 0 91 39 0 0 37 40 100 85 0 0 0 63 44 0 86 0 55 0 
72 16 0 0 0 29 0 0 52 39 0 0 24 51 0 39 0 36 82 57 31 0 18 0 0 37 0 26 0 0 0 91 0 0 5 57 0 0 68 42 
0 36 0 71 34 95 9 78 49 0 41 0 0 30 0 48 44 0 16 100 37 86 39 0 90 40 26 0 96 97 8 0 0 0 6 0 78 0 0 0 
0 0 49 0 70 0 0 0 80 72 0 90 57 0 0 0 0 0 45 0 99 2 69 89 0 100 0 96 0 0 73 69 12 70 0 0 24 13 0 0 
54 0 96 0 74 0 87 64 0 1 98 0 13 0 51 29 0 9 58 88 59 0 0 60 0 85 0 97 0 0 0 77 91 71 0 0 65 0 53 21 
0 1 0 12 0 0 62 38 0 0 0 0 71 0 59 0 17 0 99 0 0 0 27 68 0 0 0 8 73 0 0 0 71 0 0 0 90 73 0 74 
0 0 16 0 53 42 4 93 0 7 36 0 13 59 79 7 40 73 39 0 61 82 0 0 68 0 91 0 69 77 0 0 27 2 0 0 0 0 0 0 
23 64 14 78 40 3 38 89 0 65 65 0 36 0 85 0 35 0 0 0 80 26 0 2 0 0 0 0 12 91 71 27 0 0 0 0 58 0 0 0 
0 50 90 54 0 43 0 46 0 86 22 0 70 0 0 0 0 0 0 86 0 44 0 60 67 63 0 0 70 71 0 2 0 0 0 60 76 98 0 0 
37 64 78 75 10 87 26 92 90 22 24 44 86 0 1 59 2 82 40 14 69 44 34 0 0 44 5 6 0 0 0 0 0 0 0 63 33 41 0 0 
0 0 13 82 0 0 0 1 86 6 80 20 0 73 0 0 0 0 89 54 0 10 75 39 94 0 57 0 0 0 0 0 0 60 63 0 83 55 65 87 
0 15 35 30 84 55 0 0 66 31 9 0 43 46 26 0 40 0 72 0 0 81 49 0 29 86 0 78 24 65 90 0 58 76 33 83 0 59 90 36 
61 46 48 0 68 0 0 71 38 67 0 35 21 85 4 26 0 0 41 43 0 0 0 75 32 0 0 0 13 0 73 0 0 98 41 55 59 0 35 93 
0 10 0 33 0 83 0 32 0 77 0 0 48 0 99 13 0 0 0 31 13 46 0 20 0 55 68 0 0 53 0 0 0 0 0 65 90 35 0 88 
0 32 0 0 0 0 14 59 29 10 0 19 78 20 38 0 71 52 0 0 67 9 0 20 0 0 42 0 0 21 74 0 0 0 0 87 36 93 88 0 
