22 4
0 0 84 51 0 29 0 66 45 66 94 0 0 76 79 61 65 0 7 0 0 0 
0 0 0 0 0 0 39 0 0 0 0 0 0 0 0 0 86 0 0 7 21 0 
84 0 0 0 0 0 46 0 0 20 0 72 0 0 43 0 0 45 0 54 40 0 
51 0 0 0 0 0 0 0 0 0 0 0 0 0 0 0 0 0 4 43 0 0 
0 0 0 0 0 0 0 0 0 0 0 0 30 85 0 0 0 99 0 38 0 11 
29 0 0 0 0 0 0 0 0 0 0 0 0 0 0 85 88 0 31 0 0 18 
0 39 46 0 0 0 0 95 46 0 31 14 0 0 0 86 0 58 0 0 0 55 
66 0 0 0 0 0 95 0 0 0 0 0 0 85 100 14 0 0 0 0 36 0 
45 0 0 0 0 0 46 0 0 92 0 51 0 0 0 0 0 0 0 14 0 0 
66 0 20 0 0 0 0 0 92 0 0 55 0 0 0 0 0 49 0 0 0 0 
94 0 0 0 0 0 31 0 0 0 0 94 13 0 0 0 0 0 0 29 0 0 
0 0 72 0 0 0 14 0 51 55 94 0 41 0 43 0 0 0 0 0 0 0 
0 0 0 0 30 0 0 0 0 0 13 41 0 0 0 0 0 0 0 0 0 15 
76 0 0 0 85 0 0 85 0 0 0 0 0 0 5 0 0 0 0 0 43 35 
79 0 43 0 0 0 0 100 0 0 0 43 0 5 0 0 0 0 0 24 0 28 
61 0 0 0 0 85 86 14 0 0 0 0 0 0 0 0 8 70 90 0 0 51 
65 86 0 0 0 88 0 0 0 0 0 0 0 0 0 8 0 3 69 60 0 86 
0 0 45 0 99 0 58 0 0 49 0 0 0 0 0 70 3 0 0 15 0 95 
7 0 0 4 0 31 0 0 0 0 0 0 0 0 0 90 69 0 0 0 0 0 
0 7 54 43 38 0 0 0 14 0 29 0 0 0 24 0 60 15 0 0 60 91 
0 21 40 0 0 0 0 36 0 0 0 0 0 43 0 0 0 0 0 60 0 14 
0 0 0 0 11 18 55 0 0 0 0 0 15 35 28 51 86 95 0 91 14 0 
