30 4
0 43 0 84 0 3 73 82 16 69 98 14 55 65 77 0 12 99 100 79 36 60 8 0 32 0 46 60 61 0 
43 0 56 0 2 25 39 0 0 84 0 0 2 0 93 95 99 69 27 18 96 93 0 0 10 0 15 59 10 17 
0 56 0 51 80 65 52 63 35 76 76 3 19 32 0 34 2 77 52 0 0 92 45 0 4 0 23 14 84 0 
84 0 51 0 32 0 95 82 62 99 0 14 26 0 89 97 87 25 9 9 38 25 35 0 93 86 100 57 0 23 
0 2 80 32 0 77 0 14 44 87 56 95 67 30 0 0 51 0 0 80 73 0 0 12 68 55 32 89 0 0 
3 25 65 0 77 0 0 81 30 0 64 20 4 81 0 39 72 32 0 72 89 84 34 20 58 0 10 0 33 61 
73 39 52 95 0 0 0 81 52 0 66 74 38 100 50 11 0 67 75 29 100 0 62 0 67 0 99 23 85 0 
82 0 63 82 14 81 81 0 2 18 21 70 0 64 1 68 92 42 73 0 0 0 89 52 51 45 0 0 0 35 
16 0 35 62 44 30 52 2 0 46 36 0 56 62 0 78 0 73 64 0 0 0 61 43 11 81 0 81 78 87 
69 84 76 99 87 0 0 18 46 0 40 87 18 49 91 15 0 61 23 53 28 0 15 52 25 10 31 91 60 97 
98 0 76 0 56 64 66 21 36 40 0 92 50 13 19 0 57 15 0 0 8 0 4 52 43 0 80 34 1 94 
14 0 3 14 95 20 74 70 0 87 92 0 47 44 0 92 0 89 37 94 2 14 0 64 71 93 25 90 31 58 
55 2 19 26 67 4 38 0 56 18 50 47 0 47 0 22 59 0 77 76 80 22 77 100 0 3 37 0 0 14 
65 0 32 0 30 81 100 64 62 49 13 44 47 0 45 5 17 30 56 56 24 21 73 17 37 75 71 1 55 82 
77 93 0 89 0 0 50 1 0 91 19 0 0 45 0 0 0 50 39 14 5 22 53 13 88 51 12 0 81 90 
0 95 34 97 0 39 11 68 78 15 0 92 22 5 0 0 64 72 77 57 91 0 0 0 39 0 95 85 56 69 
12 99 2 87 51 72 0 92 0 0 57 0 59 17 0 64 0 57 56 64 95 51 21 0 38 38 71 46 61 0 
99 69 77 25 0 32 67 42 73 61 15 89 0 30 50 72 57 0 2 44 0 98 0 3 2 0 50 0 83 88 
100 27 52 9 0 0 75 73 64 23 0 37 77 56 39 77 56 2 0 13 96 72 60 98 42 0 26 68 100 51 
79 18 0 9 80 72 29 0 0 53 0 94 76 56 14 57 64 44 13 0 28 14 28 0 0 0 5 45 0 19 
36 96 0 38 73 89 100 0 0 28 8 2 80 24 5 91 95 0 96 28 0 60 0 42 29 87 32 49 0 65 
60 93 92 25 0 84 0 0 0 0 0 14 22 21 22 0 51 98 72 14 60 0 94 0 12 0 69 54 36 0 
8 0 45 35 0 34 62 89 61 15 4 0 77 73 53 0 21 0 60 28 0 94 0 82 0 91 94 8 80 31 
0 0 0 0 12 20 0 52 43 52 52 64 100 17 13 0 0 3 98 0 42 0 82 0 36 74 83 99 34 0 
32 10 4 93 68 58 67 51 11 25 43 71 0 37 88 39 38 2 42 0 29 12 0 36 0 52 0 47 58 64 
0 0 0 86 55 0 0 45 81 10 0 93 3 75 51 0 38 0 0 0 87 0 91 74 52 0 64 19 77 74 
46 15 23 100 32 10 99 0 0 31 80 25 37 71 12 95 71 50 26 5 32 69 94 83 0 64 0 0 0 34 
60 59 14 57 89 0 23 0 81 91 34 90 0 1 0 85 46 0 68 45 49 54 8 99 47 19 0 0 46 77 
61 10 84 0 0 33 85 0 78 60 1 31 0 55 81 56 61 83 100 0 0 36 80 34 58 77 0 46 0 10 
0 17 0 23 0 61 0 35 87 97 94 58 14 82 90 69 0 88 51 19 65 0 31 0 64 74 34 77 10 0 
