12
317
481 482 496 483 497 493 489 492 484 485 480 480 
987 1271 1295 1140 1067 1058 1253 1245 1163 1105 1280 857 
17 13 11 19 10 11 10 7 5 16 13 14 
0 70 78 49 70 106 31 54 42 27 65 90 47 
70 0 54 107 83 41 96 86 36 44 38 95 96 
78 54 0 27 66 25 20 21 94 74 52 45 68 
49 107 27 0 84 49 40 53 60 103 43 100 102 
70 83 66 84 0 58 96 34 35 22 98 63 22 
106 41 25 49 58 0 74 104 90 18 26 39 61 
31 96 20 40 96 74 0 38 52 60 97 85 72 
54 86 21 53 34 104 38 0 43 15 68 36 104 
42 36 94 60 35 90 52 43 0 76 34 41 77 
27 44 74 103 22 18 60 15 76 0 72 83 65 
65 38 52 43 98 26 97 68 34 72 0 54 95 
90 95 45 100 63 39 85 36 41 83 54 0 58 
47 96 68 102 22 61 72 104 77 65 95 58 0 
0 57 58 47 57 85 26 40 50 32 75 23 11 
57 0 40 49 81 88 19 60 12 45 38 9 24 
58 40 0 11 29 63 6 68 31 9 72 33 32 
47 49 11 0 33 54 87 66 39 39 54 68 24 
57 81 29 33 0 78 41 57 34 51 39 76 74 
85 88 63 54 78 0 11 60 14 59 79 26 5 
26 19 6 87 41 11 0 81 60 34 77 82 48 
40 60 68 66 57 60 81 0 58 54 8 38 46 
50 12 31 39 34 14 60 58 0 78 24 69 32 
32 45 9 39 51 59 34 54 78 0 78 9 79 
75 38 72 54 39 79 77 8 24 78 0 63 44 
23 9 33 68 76 26 82 38 69 9 63 0 56 
11 24 32 24 74 5 48 46 32 79 44 56 0 
