8
327
481 486 494 490 486 483 491 496 
936 1037 1164 1045 1282 1030 903 1115 
9 5 13 8 14 8 9 11 
0 28 50 31 31 27 47 19 51 
28 0 53 55 33 32 55 50 30 
50 53 0 26 24 50 41 40 36 
31 55 26 0 56 27 53 16 38 
31 33 24 56 0 17 32 47 16 
27 32 50 27 17 0 41 19 15 
47 55 41 53 32 41 0 55 18 
19 50 40 16 47 19 55 0 20 
51 30 36 38 16 15 18 20 0 
0 9 23 23 21 12 18 20 11 
9 0 13 13 20 18 5 12 5 
23 13 0 8 10 21 6 12 22 
23 13 8 0 13 14 17 24 19 
21 20 10 13 0 18 11 24 10 
12 18 21 14 18 0 19 10 12 
18 5 6 17 11 19 0 20 7 
20 12 12 24 24 10 20 0 17 
11 5 22 19 10 12 7 17 0 
