20
303
483 491 492 488 487 484 497 489 493 496 490 493 495 485 491 486 487 492 486 494 
952 1168 1262 1056 1296 1041 1176 934 1329 1133 1303 1198 866 1309 1264 1214 911 854 1221 1299 
14 13 18 8 8 11 6 12 10 10 6 5 19 15 15 9 8 10 12 15 
0 43 37 48 53 32 20 31 44 48 45 22 49 24 43 34 25 23 39 42 26 
43 0 46 21 26 28 39 38 20 24 18 51 26 44 47 36 34 59 28 20 29 
37 46 0 31 51 38 31 36 45 17 40 53 21 22 40 52 19 41 45 51 43 
48 21 31 0 21 46 47 19 27 51 39 18 25 32 58 36 36 22 54 19 20 
53 26 51 21 0 29 21 33 19 49 33 50 51 17 16 23 28 25 59 42 27 
32 28 38 46 29 0 21 54 56 34 36 33 31 47 47 26 47 25 49 16 23 
20 39 31 47 21 21 0 41 36 56 24 30 54 36 45 33 41 55 55 15 47 
31 38 36 19 33 54 41 0 35 27 17 42 42 22 45 43 24 51 25 22 55 
44 20 45 27 19 56 36 35 0 59 43 26 21 29 20 51 51 48 46 53 24 
48 24 17 51 49 34 56 27 59 0 42 52 20 39 30 33 28 43 59 31 47 
45 18 40 39 33 36 24 17 43 42 0 25 58 41 22 27 36 47 45 47 21 
22 51 53 18 50 33 30 42 26 52 25 0 36 27 32 45 44 40 38 51 53 
49 26 21 25 51 31 54 42 21 20 58 36 0 18 57 38 47 39 34 21 59 
24 44 22 32 17 47 36 22 29 39 41 27 18 0 57 15 33 17 59 26 15 
43 47 40 58 16 47 45 45 20 30 22 32 57 57 0 26 58 21 29 53 49 
34 36 52 36 23 26 33 43 51 33 27 45 38 15 26 0 58 52 40 59 58 
25 34 19 36 28 47 41 24 51 28 36 44 47 33 58 58 0 24 18 49 38 
23 59 41 22 25 25 55 51 48 43 47 40 39 17 21 52 24 0 27 46 37 
39 28 45 54 59 49 55 25 46 59 45 38 34 59 29 40 18 27 0 35 36 
42 20 51 19 42 16 15 22 53 31 47 51 21 26 53 59 49 46 35 0 55 
26 29 43 20 27 23 47 55 24 47 21 53 59 15 49 58 38 37 36 55 0 
0 48 49 19 29 52 33 33 42 41 48 40 39 35 15 19 43 5 16 47 46 
48 0 28 41 8 10 7 59 38 57 27 9 59 18 23 52 33 40 21 43 14 
49 28 0 57 16 23 26 50 24 14 36 50 55 54 44 12 28 38 38 35 33 
19 41 57 0 14 16 42 30 6 17 48 12 45 44 19 32 56 15 19 25 36 
29 8 16 14 0 36 26 29 47 22 38 41 14 41 39 34 30 49 31 8 46 
52 10 23 16 36 0 11 14 23 40 52 11 34 44 26 43 30 16 34 57 50 
33 7 26 42 26 11 0 36 19 57 50 54 51 19 55 46 7 47 17 12 49 
33 59 50 30 29 14 36 0 56 18 47 51 22 58 47 57 14 18 25 25 35 
42 38 24 6 47 23 19 56 0 53 11 33 10 40 59 17 13 30 54 28 41 
41 57 14 17 22 40 57 18 53 0 57 59 39 32 57 30 21 54 38 24 59 
48 27 36 48 38 52 50 47 11 57 0 56 38 26 33 10 55 14 5 41 28 
40 9 50 12 41 11 54 51 33 59 56 0 30 42 41 22 20 29 10 6 49 
39 59 55 45 14 34 51 22 10 39 38 30 0 38 17 22 11 15 50 46 53 
35 18 54 44 41 44 19 58 40 32 26 42 38 0 57 29 47 29 12 11 11 
15 23 44 19 39 26 55 47 59 57 33 41 17 57 0 51 32 17 42 58 32 
19 52 12 32 34 43 46 57 17 30 10 22 22 29 51 0 16 12 32 9 24 
43 33 28 56 30 30 7 14 13 21 55 20 11 47 32 16 0 46 54 38 56 
5 40 38 15 49 16 47 18 30 54 14 29 15 29 17 12 46 0 32 39 48 
16 21 38 19 31 34 17 25 54 38 5 10 50 12 42 32 54 32 0 53 16 
47 43 35 25 8 57 12 25 28 24 41 6 46 11 58 9 38 39 53 0 33 
46 14 33 36 46 50 49 35 41 59 28 49 53 11 32 24 56 48 16 33 0 
