6
315
482 494 488 496 484 496 
1074 965 1309 885 969 1058 
17 12 7 16 11 10 
0 52 48 18 28 43 29 
52 0 21 33 30 26 44 
48 21 0 24 18 16 52 
18 33 24 0 37 51 22 
28 30 18 37 0 56 53 
43 26 16 51 56 0 23 
29 44 52 22 53 23 0 
0 24 14 7 15 7 22 
24 0 11 13 15 12 17 
14 11 0 6 17 13 21 
7 13 6 0 17 7 10 
15 15 17 17 0 17 21 
7 12 13 7 17 0 18 
22 17 21 10 21 18 0 
