15
305
493 496 495 492 482 497 487 499 480 486 498 495 499 480 496 
1127 931 986 971 1103 921 1164 1132 915 855 1176 929 1082 888 958 
7 6 9 14 11 5 7 14 6 6 17 17 10 6 10 
0 45 58 57 43 21 30 44 30 45 36 44 54 25 34 30 
45 0 30 26 40 27 21 39 40 38 15 46 26 26 42 58 
58 30 0 43 35 28 54 48 45 53 22 41 24 46 25 38 
57 26 43 0 22 28 31 51 50 23 46 22 47 30 39 26 
43 40 35 22 0 37 26 29 22 23 48 21 38 20 40 56 
21 27 28 28 37 0 42 35 44 43 21 59 17 56 29 50 
30 21 54 31 26 42 0 24 46 26 25 19 44 52 47 19 
44 39 48 51 29 35 24 0 51 38 50 18 43 28 25 31 
30 40 45 50 22 44 46 51 0 18 33 54 30 22 52 45 
45 38 53 23 23 43 26 38 18 0 49 35 45 53 26 56 
36 15 22 46 48 21 25 50 33 49 0 30 46 48 27 48 
44 46 41 22 21 59 19 18 54 35 30 0 18 15 30 57 
54 26 24 47 38 17 44 43 30 45 46 18 0 39 40 24 
25 26 46 30 20 56 52 28 22 53 48 15 39 0 21 52 
34 42 25 39 40 29 47 25 52 26 27 30 40 21 0 43 
30 58 38 26 56 50 19 31 45 56 48 57 24 52 43 0 
0 19 6 24 6 23 11 19 11 11 17 21 13 16 8 5 
19 0 13 17 24 5 11 15 20 22 12 10 14 21 18 13 
6 13 0 9 16 11 18 6 13 18 23 23 21 18 11 9 
24 17 9 0 14 17 6 22 15 18 9 13 8 17 23 6 
6 24 16 14 0 10 20 12 18 24 18 15 15 13 15 15 
23 5 11 17 10 0 8 22 5 12 21 21 12 16 10 11 
11 11 18 6 20 8 0 18 9 22 7 23 20 14 8 7 
19 15 6 22 12 22 18 0 17 16 21 8 20 8 21 20 
11 20 13 15 18 5 9 17 0 23 14 22 24 6 14 19 
11 22 18 18 24 12 22 16 23 0 12 15 8 17 8 12 
17 12 23 9 18 21 7 21 14 12 0 7 6 7 16 17 
21 10 23 13 15 21 23 8 22 15 7 0 13 18 13 9 
13 14 21 8 15 12 20 20 24 8 6 13 0 11 19 11 
16 21 18 17 13 16 14 8 6 17 7 18 11 0 14 7 
8 18 11 23 15 10 8 21 14 8 16 13 19 14 0 17 
5 13 9 6 15 11 7 20 19 12 17 9 11 7 17 0 
