10
320
733 886 944 1020 629 506 558 567 616 810 
1159 1136 1068 1542 1025 758 1050 801 789 1211 
12 12 18 15 19 15 12 10 11 17 
0 52 90 98 43 33 60 39 74 62 43 
52 0 54 100 20 56 25 95 23 30 91 
90 54 0 59 99 31 21 109 15 46 74 
98 100 59 0 85 69 25 41 98 16 81 
43 20 99 85 0 41 18 97 98 95 24 
33 56 31 69 41 0 99 89 22 108 31 
60 25 21 25 18 99 0 72 75 81 108 
39 95 109 41 97 89 72 0 47 31 65 
74 23 15 98 98 22 75 47 0 92 104 
62 30 46 16 95 108 81 31 92 0 50 
43 91 74 81 24 31 108 65 104 50 0 
0 74 119 131 16 61 113 84 97 27 108 
74 0 141 112 149 67 140 118 76 18 53 
119 141 0 39 120 45 60 69 54 132 148 
131 112 39 0 75 41 98 90 114 51 78 
16 149 120 75 0 28 81 143 72 89 86 
61 67 45 41 28 0 75 53 12 113 15 
113 140 60 98 81 75 0 49 12 68 143 
84 118 69 90 143 53 49 0 123 82 121 
97 76 54 114 72 12 12 123 0 44 144 
27 18 132 51 89 113 68 82 44 0 104 
108 53 148 78 86 15 143 121 144 104 0 
