4
501
749 1039 836 1264 
785 1305 1051 1499 
19 11 19 17 
0 33 27 90 38 
33 0 105 68 74 
27 105 0 78 92 
90 68 78 0 60 
38 74 92 60 0 
0 121 53 117 96 
121 0 72 65 34 
53 72 0 14 11 
117 65 14 0 80 
96 34 11 80 0 
